Dummy
AR                 0   127.697     3.462     0.000     1.609     2.000 
HE                 0    11.442     2.715     0.000     0.204     2.000 
H                  0   541.672     1.530     0.000     0.666     0.000 
H2                 1   304.690     2.190     0.000     0.775   280.000 
O                  0   235.686     2.485     0.000     0.744     0.000 
OH                 1   514.598     2.582     1.635     1.077     0.000 
H2O                2   637.056     2.943     1.851     1.407     4.000 
O2                 1   676.424     3.069     0.000     1.487     3.800 
HO2                2   963.003     3.129     2.146     1.959     3.800 
H2O2               2  1361.148     3.179     1.702     2.239     3.800
N2                 1    97.839     3.610     0.000     1.756     4.000
END
